date,obs,pred
2000-01-01,1.3163135,1.0024603092487454
2000-01-02,1.3511069,0.9959300768377781
2000-01-03,1.2971458,1.0220493881847859
2000-01-04,1.2948542,1.0011388350031376
2000-01-05,1.3561071,1.0365041506111026
2000-01-06,1.3588156,0.9893148838415742
2000-01-07,1.3350644,1.0270136486659647
2000-01-08,1.3465233,1.046434694444537
2000-01-09,1.644871,1.0610630192092658
2000-01-10,1.4515283,1.0143728621634842
2000-01-11,1.5554917,1.1298614039723873
2000-01-12,1.9557194,1.1677349448578358
2000-01-13,1.5294487,1.2890896779321432
2000-01-14,2.507621,2.8598330211592318
2000-01-15,5.109205,2.9461990972201226
2000-01-16,3.28245,1.9588481314494013
2000-01-17,2.2824018,1.4664958759645819
2000-01-18,1.8982165,1.5710180290905238
2000-01-19,1.7390422,1.3364739494735003
2000-01-20,1.603619,1.3788710346614719
2000-01-21,1.4811131,1.2411194480687977
2000-01-22,1.4763212,1.2943183950921298
2000-01-23,1.4675708,1.2595150330693723
2000-01-24,1.3756913,1.2167133736659885
2000-01-25,1.4298606,1.1603389236258865
2000-01-26,1.4284022,1.1668893847476245
2000-01-27,1.334856,1.1527905127727986
2000-01-28,1.2865204,1.1246584447041155
2000-01-29,1.2340178,1.0771812559512854
2000-01-30,1.224434,1.047721779881835
2000-01-31,1.2071415,1.030721571350217
2000-02-01,1.2542272,1.0593433090776205
2000-02-02,1.2529771,1.064120521413207
2000-02-03,1.2221422,1.0463131873218416
2000-02-04,1.2060999,1.0309306013615132
2000-02-05,1.1994328,1.0320416970151067
2000-02-06,1.1615144,1.0442998911678791
2000-02-07,1.1304712,1.0407578439119458
2000-02-08,1.1138037,1.0441647633799314
2000-02-09,1.1498471,1.0681767824969293
2000-02-10,1.2200588,1.1074149522109629
2000-02-11,1.2379763,1.0975696386789084
2000-02-12,1.1681813,1.05523782479769
2000-02-13,1.1331797,0.9786910346609949
2000-02-14,1.1229708,1.0145971311368942
2000-02-15,1.121929,0.9966201455911994
2000-02-16,1.1346381,1.0468538333317041
2000-02-17,1.125471,1.0465099452486037
2000-02-18,1.1371381,1.0502393103662728
2000-02-19,1.1369299,0.9961763276768922
2000-02-20,1.125471,0.9641144953958392
2000-02-21,1.114012,0.9588635266540051
2000-02-22,1.1163038,0.9595739589762688
2000-02-23,1.098803,0.94274488533777
2000-02-24,1.0898442,0.9122349997470378
2000-02-25,1.0735935,0.9245623760906458
2000-02-26,1.0685931,0.9083305888521671
2000-02-27,1.0133822,0.9174732918301225
2000-02-28,1.0279663,0.9003824586742522
2000-02-29,1.0340081,0.93552970878011
2000-03-01,1.0194242,0.9722268827052116
2000-03-02,1.0900526,0.9523376097013354
2000-03-03,1.0925527,0.8762376043565274
2000-03-04,1.1038033,0.8671140512247681
2000-03-05,1.2127668,0.9341022360900642
2000-03-06,1.2725613,1.0562213447153568
2000-03-07,1.4896551,1.037112225656867
2000-03-08,1.3311058,1.0032739079959392
2000-03-09,1.2236006,1.0334664725437164
2000-03-10,1.1744317,1.0507721346079708
2000-03-11,1.1433885,1.0565214039251207
2000-03-12,1.0823438,0.961216530290842
2000-03-13,1.1077617,0.9876864726245402
2000-03-14,1.1050533,0.9779912561264039
2000-03-15,1.0538008,0.9847933624101282
2000-03-16,1.0475506,0.8965809444881678
2000-03-17,1.1040115,1.2731241005274057
2000-03-18,1.7382088,1.9721974622611405
2000-03-19,2.1846888,1.353325814126134
2000-03-20,1.8750905,1.0438130535286665
2000-03-21,1.769252,1.3737854019156694
2000-03-22,1.603619,1.1135187633988857
2000-03-23,1.366941,1.1355045399870276
2000-03-24,1.215267,1.5670720819095374
2000-03-25,2.7586746,3.682827330215633
2000-03-26,4.2885404,2.21573630555135
2000-03-27,2.7811759,1.7470353238414527
2000-03-28,2.1615627,1.4731925232361556
2000-03-29,1.8569646,1.6645905159344077
2000-03-30,7.2995186,2.898378964390695
2000-03-31,7.781,2.705545946950376
2000-04-01,4.0758214,1.7143329157193303
2000-04-02,3.0447302,1.6800693905580044
2000-04-03,2.6299186,1.5661919981329442
2000-04-04,2.1367698,1.517023958875835
2000-04-05,1.8671734,1.4109420372914077
2000-04-06,2.1646876,1.4259204536105394
2000-04-07,3.0103536,1.7894890494195819
2000-04-08,2.6834629,1.4865726016882659
2000-04-09,2.514288,1.3243604580317736
2000-04-10,2.232191,1.3763498630090951
2000-04-11,2.1488535,2.0873783928082585
2000-04-12,8.77459,6.3683352757377625
2000-04-13,5.9452868,2.912090793699443
2000-04-14,3.872895,1.8886569325206874
2000-04-15,3.2932837,1.9099820394150615
2000-04-16,3.070148,1.6717850592070818
2000-04-17,2.7799258,2.1076092613080144
2000-04-18,2.4455347,1.6546049500076772
2000-04-19,1.9740535,1.5863242853822113
2000-04-20,2.101143,1.4704584106884002
2000-04-21,2.9434752,2.056573977188706
2000-04-22,4.338751,5.847543610638619
2000-04-23,20.91205,11.546187207633496
2000-04-24,10.517383,5.190536662100792
2000-04-25,6.2523847,3.03930834658736
2000-04-26,4.422505,2.634366642929554
2000-04-27,3.772682,2.16643812825495
2000-04-28,5.4158864,3.7197099339894653
2000-04-29,6.507189,4.416755165181339
2000-04-30,4.5968885,2.7924935310168864
2000-05-01,3.2441149,2.2138833556447626
2000-05-02,2.8215945,2.0598746284961105
2000-05-03,2.717631,2.071798239772737
2000-05-04,6.9499183,3.511381184666574
2000-05-05,6.0217485,3.569505822762549
2000-05-06,3.703512,2.5278739436584114
2000-05-07,3.0691063,2.059512939147532
2000-05-08,2.652628,1.8966409349457025
2000-05-09,2.6578364,1.8163276937215924
2000-05-10,3.1724446,2.052260406903982
2000-05-11,2.8409703,1.8023924045878648
2000-05-12,2.4274087,1.5936045983885527
2000-05-13,2.7472157,1.5788735117731094
2000-05-14,4.943363,3.1887429576565625
2000-05-15,6.4990635,6.107259758506299
2000-05-16,5.597145,4.32354935743469
2000-05-17,3.5380874,2.7042236635563373
2000-05-18,2.6940882,2.2474372576322557
2000-05-19,3.5824645,2.2539103102207783
2000-05-20,3.0707731,2.058082229863763
2000-05-21,2.5753326,1.8078613039737343
2000-05-22,2.858888,2.108990747395575
2000-05-23,2.8011768,2.105648829518199
2000-05-24,2.3126116,1.8379284505147337
2000-05-25,2.234066,1.6752765346860885
2000-05-26,2.6632535,1.7840575057196022
2000-05-27,2.2032313,1.5437614596239924
2000-05-28,1.7823776,1.5144921334357857
2000-05-29,1.9090503,1.4505313774244188
2000-05-30,1.8619648,1.4371837997676133
2000-05-31,1.7163328,1.3974160424056052
2000-06-01,1.507156,1.438998989414096
2000-06-02,2.0048883,1.5506064507745505
2000-06-03,1.9938462,1.3650271793004274
2000-06-04,1.5711174,1.3079981281797886
2000-06-05,1.4809047,1.3184761957847475
2000-06-06,1.7934198,1.2011044958611727
2000-06-07,1.5475746,1.1437226560246945
2000-06-08,1.332981,1.0666790487514735
2000-06-09,1.2771449,1.1584085651860834
2000-06-10,2.3730311,1.9817022591618896
2000-06-11,4.5110507,2.512334517760575
2000-06-12,2.7622166,2.0696604696184995
2000-06-13,2.562207,1.693184203182876
2000-06-14,2.1384366,2.0047392544197438
2000-06-15,3.3630788,3.9460203888905645
2000-06-16,6.059042,3.146574996332586
2000-06-17,3.1124418,2.0948694889808297
2000-06-18,2.1907306,1.7423098970054387
2000-06-19,1.8938414,1.5922071990485192
2000-06-20,1.7096658,1.4690251391012668
2000-06-21,1.4348608,1.404264674724102
2000-06-22,1.4588203,1.2986632524495125
2000-06-23,1.3475649,1.2960039861316084
2000-06-24,1.3934005,1.654859022614956
2000-06-25,2.9034734,2.378078587247133
2000-06-26,4.501884,2.207486902441025
2000-06-27,3.0936909,1.715665583184898
2000-06-28,2.300736,1.5095951671324372
2000-06-29,2.6170013,1.960608838434875
2000-06-30,2.6182513,2.196725902601421
2000-07-01,2.2113566,1.708069095429212
2000-07-02,1.8509226,1.4291343911777734
2000-07-03,1.749876,1.6580459885678291
2000-07-04,2.1694796,1.6816640198280512
2000-07-05,1.9223844,1.8980603161514402
2000-07-06,4.775647,2.5144935954901575
2000-07-07,3.4568334,1.9576163378215432
2000-07-08,2.2088566,3.9919843352196813
2000-07-09,27.094849,31.09729874157047
2000-07-10,18.427763,26.015466835663794
2000-07-11,6.7046986,9.853651516889094
2000-07-12,4.210203,4.371538332570016
2000-07-13,3.1184838,3.321307093659222
2000-07-14,2.7076306,2.663376367329538
2000-07-15,2.8707635,2.6701690335482358
2000-07-16,2.6911714,2.4548820122944712
2000-07-17,3.051397,2.705320194538176
2000-07-18,3.0036864,2.488977099724114
2000-07-19,6.4434357,3.697718088788092
2000-07-20,4.4539647,3.502102409894168
2000-07-21,4.2856236,2.9578845491419434
2000-07-22,4.0454035,2.5604389314053653
2000-07-23,2.7311733,2.0530073857637046
2000-07-24,2.1811469,1.7976737206554412
2000-07-25,2.0382233,1.7512856456905008
2000-07-26,2.0703082,2.132846600865424
2000-07-27,12.110792,6.7297678545475
2000-07-28,18.244629,11.688958751091004
2000-07-29,6.925959,5.56189047953701
2000-07-30,4.9096117,3.5550611746916174
2000-07-31,3.2803664,2.627790828490317
2000-08-01,2.5753326,2.1211107120247483
2000-08-02,2.2501085,1.9137760015491248
2000-08-03,2.323237,1.833370112829685
2000-08-04,2.6692953,1.9477663042569757
2000-08-05,3.8816454,1.8905189179180861
2000-08-06,2.9803522,1.7743196740707754
2000-08-07,4.557303,1.873645880548179
2000-08-08,4.920862,1.9204192450242639
2000-08-09,3.7595563,1.7805327202968597
2000-08-10,3.8241427,2.2347356501393913
2000-08-11,6.416143,2.5070046570467355
2000-08-12,3.4537082,1.9327172223082185
2000-08-13,2.491995,1.7112818867028357
2000-08-14,3.3514116,2.1432166471548677
2000-08-15,3.4368324,2.0429562788140774
2000-08-16,2.4807446,1.69090226974988
2000-08-17,2.424492,1.5475233255369663
2000-08-18,2.3428214,1.6720170825196206
2000-08-19,3.988109,1.6411738952044248
2000-08-20,3.010562,1.4074550121287703
2000-08-21,2.2419832,1.2494894142953157
2000-08-22,2.070933,1.1672713028069734
2000-08-23,2.0211391,1.126508023158908
2000-08-24,2.9897275,1.1483036498658061
2000-08-25,2.146145,1.044483702719748
2000-08-26,1.6684138,1.0072988820070028
2000-08-27,1.5973687,0.9615453142699004
2000-08-28,1.3469399,0.9801620665082336
2000-08-29,1.5877849,0.9796826460629702
2000-08-30,1.4473615,0.9398516402652859
2000-08-31,1.4800714,0.922600191145897
2000-09-01,1.3300642,0.8975597443733216
2000-09-02,1.2277676,0.838502967285037
2000-09-03,1.2479769,0.8678915080087184
2000-09-04,1.0890108,0.9254428644414545
2000-09-05,1.513823,0.9997911982915997
2000-09-06,1.8148792,1.3717280071722269
2000-09-07,3.5060024,1.8946368091406227
2000-09-08,2.5926251,1.4072103795865178
2000-09-09,1.9469689,1.466141468951881
2000-09-10,6.3419724,2.6628144137443304
2000-09-11,6.224675,2.861608832248747
2000-09-12,10.108821,9.479021187740326
2000-09-13,23.094656,16.17605037737322
2000-09-14,14.369443,10.748150003061294
2000-09-15,7.5499473,4.8938501178545355
2000-09-16,5.1506653,3.1808556484690307
2000-09-17,3.9374816,2.6774018765133025
2000-09-18,4.253122,3.36255343492049
2000-09-19,6.087377,3.889573385207832
2000-09-20,3.6220496,2.6387475073921083
2000-09-21,3.0372298,2.048119589809239
2000-09-22,2.5669987,1.9126073214988708
2000-09-23,2.3753228,1.6985822346520125
2000-09-24,2.3059444,2.309774052742958
2000-09-25,6.3030124,7.36369950813508
2000-09-26,7.5499473,6.1196343351750375
2000-09-27,3.622883,3.4247604965661167
2000-09-28,2.7665918,2.5511663601042627
2000-09-29,2.468869,2.271303360315561
2000-09-30,2.234066,1.9172873011646867
2000-10-01,2.018014,1.8596631213731767
2000-10-02,2.5024123,2.0106147508921026
2000-10-03,2.2265656,2.5094871244325043
2000-10-04,7.004921,5.522577733309269
2000-10-05,4.548761,3.4128374247217774
2000-10-06,2.8245113,2.3992471239201425
2000-10-07,2.392407,1.9850954231065512
2000-10-08,2.1567707,1.7843455625609757
2000-10-09,1.9890542,1.6379038566793203
2000-10-10,1.963428,1.5171536923409104
2000-10-11,2.0148888,1.526155873208046
2000-10-12,1.8146708,1.4264370948836207
2000-10-13,1.6354955,1.3333266317937373
2000-10-14,1.6836228,1.3288849463407992
2000-10-15,1.596327,1.288067184031725
2000-10-16,1.4750712,1.2791776096545457
2000-10-17,1.5102812,1.2332990284848808
2000-10-18,1.4502783,1.222575788905382
2000-10-19,1.428819,1.2077035058887602
2000-10-20,1.3713161,1.182252011713326
2000-10-21,1.3552737,1.236155052729547
2000-10-22,2.3628223,1.9220209543430804
2000-10-23,1.9509274,1.4117967677505017
2000-10-24,1.4419445,1.4212267184213996
2000-10-25,3.5351706,2.388039069572508
2000-10-26,2.2899022,1.7468378916243315
2000-10-27,1.8361303,1.4525279511774778
2000-10-28,1.6275785,1.3344242416401506
2000-10-29,1.4529867,1.2651672045748235
2000-10-30,1.4863217,1.4511134248623252
2000-10-31,1.7927948,1.3312769239603877
2000-11-01,1.527782,1.2441696679368615
2000-11-02,1.604869,1.614199853398323
2000-11-03,4.984407,4.37479110926193
2000-11-04,5.4663053,4.672054171765149
2000-11-05,3.0036864,2.770349565910518
2000-11-06,2.2440665,1.958247473597586
2000-11-07,1.9232178,1.8377770049000979
2000-11-08,1.7709187,1.579672141274333
2000-11-09,1.6761225,1.5832367098282576
2000-11-10,1.5869515,1.4633619092339278
2000-11-11,1.5461162,1.4701992134743929
2000-11-12,1.470696,1.3326782341845036
2000-11-13,1.5134063,1.3463687559179067
2000-11-14,1.3079797,1.2458487857888938
2000-11-15,1.4615288,1.247843741245091
2000-11-16,1.3927755,1.1622065730623008
2000-11-17,1.2954792,1.2907060867807865
2000-11-18,2.0557241,1.8638743343814015
2000-11-19,3.1016078,2.3012831188260314
2000-11-20,2.124269,1.7328834526444077
2000-11-21,1.8969665,1.7652255199986697
2000-11-22,4.2608304,4.210717924214542
2000-11-23,3.9460237,2.7711763807487486
2000-11-24,2.3255289,1.9770866067963242
2000-11-25,2.007805,1.8248477569820285
2000-11-26,1.8538394,1.5917515136238933
2000-11-27,1.7044572,1.5487998920446635
2000-11-28,1.6707056,1.4903018319478631
2000-11-29,1.6986235,1.5630878350361586
2000-11-30,1.5440328,1.4837563605747819
2000-12-01,1.4563203,1.4885072755863666
2000-12-02,1.471946,1.4253575560188294
2000-12-03,1.3690244,1.4260669094765186
2000-12-04,1.3921505,1.3520074416161776
2000-12-05,1.3558987,1.3321885645257832
2000-12-06,1.3163135,1.3008608995876312
2000-12-07,1.6148696,1.3272048844822646
2000-12-08,1.3915254,1.2915788882215022
2000-12-09,1.2648526,1.26004637387228
2000-12-10,1.2729781,1.193359057365179
2000-12-11,1.1998495,1.1930332402637005
2000-12-12,1.3365228,1.2088472371957302
2000-12-13,1.3333976,1.248359977943957
2000-12-14,1.2738115,1.249794193537593
2000-12-15,1.2800617,1.2262448724649548
2000-12-16,1.2261008,1.1691357156496645
2000-12-17,1.3471483,1.1485554298858642
2000-12-18,1.8140458,1.120091745818615
2000-12-19,1.4069428,1.112394856228471
2000-12-20,1.3913171,1.111021191909075
2000-12-21,1.7946699,1.0961431099953651
2000-12-22,1.4265271,1.078725920305729
2000-12-23,1.4244437,1.0993438314715624
2000-12-24,1.2831869,1.0739252426656485
2000-12-25,1.251727,1.0946170560548305
2000-12-26,1.2436017,1.1388622362588048
2000-12-27,1.1177622,1.1662064634720086
2000-12-28,1.237143,1.1595744132168293
2000-12-29,1.168598,1.1289915694092512
2000-12-30,1.126721,1.1133542365512847
2000-12-31,1.1319296,1.0634779227010607
2001-01-01,1.0777603,1.0266433284007908
2001-01-02,1.4009008,1.0463420469492077
2001-01-03,1.4594454,1.0836282809319495
2001-01-04,1.5527833,1.2358841228632926
2001-01-05,1.5919517,1.2863299423507453
2001-01-06,1.4448613,1.2271190224863886
2001-01-07,1.4425696,1.1341296619449854
2001-01-08,1.508406,1.2304121217417716
2001-01-09,1.457987,1.801737668649256
2001-01-10,1.539241,2.9265605253717304
2001-01-11,2.0082219,3.015434152419746
2001-01-12,3.1411932,1.975536817835152
2001-01-13,2.652628,1.720745147317469
2001-01-14,2.227399,1.6679161834141314
2001-01-15,1.9440521,1.5566425632104277
2001-01-16,1.7532096,1.5007766629590988
2001-01-17,1.5811179,1.401431441493571
2001-01-18,1.5294487,1.3789217412964703
2001-01-19,1.4781963,1.2550129312002658
2001-01-20,1.4500699,1.264683603529334
2001-01-21,1.4244437,1.1491697084029318
2001-01-22,1.4486115,1.1335888810770511
2001-01-23,1.3934005,1.1015557735652923
2001-01-24,1.4236103,1.134314417503357
2001-01-25,1.3363144,1.1185716256332399
2001-01-26,1.332356,1.1501067022858262
2001-01-27,1.3879836,1.2175968288943768
2001-01-28,1.513198,1.6916452028674482
2001-01-29,1.5448662,3.0215745101451277
2001-01-30,1.7846694,2.2536376271995904
2001-01-31,1.6059108,1.5369605670629143
2001-02-01,1.5519499,1.6580899522992372
2001-02-02,1.5632004,1.4874222075406314
2001-02-03,1.618828,1.7650928196560145
2001-02-04,1.535074,1.496248668340206
2001-02-05,1.4848633,1.5333734772109986
2001-02-06,1.4117347,1.384548020052135
2001-02-07,1.464654,1.393136321496904
2001-02-08,1.5038226,1.4049740281817913
2001-02-09,1.5240319,1.4542913553243875
2001-02-10,1.4875717,1.3664701606687308
2001-02-11,1.513823,1.329271989006877
2001-02-12,1.6100776,1.277040648648739
2001-02-13,1.5548667,1.3304654829423428
2001-02-14,1.5161148,1.275164503153801
2001-02-15,1.4198601,1.2834901010746955
2001-02-16,1.3696494,1.2147016958088874
2001-02-17,1.3313142,1.1879954821333885
2001-02-18,1.3490233,1.1359073610475063
2001-02-19,1.3352727,1.1101278920414448
2001-02-20,1.581743,1.1995178906463981
2001-02-21,1.8182126,1.2086079989763499
2001-02-22,1.8219628,1.1878765373140574
2001-02-23,2.0921843,1.2690039167176486
2001-02-24,3.1495268,1.332551872171223
2001-02-25,3.5116277,1.5399246126230954
2001-02-26,3.166611,1.5253426790350675
2001-02-27,2.408033,1.3473787080176474
2001-02-28,2.0075967,1.2446013486247063
2001-03-01,1.819671,1.2181626933636664
2001-03-02,1.9928044,1.5050040589359404
2001-03-03,2.2132318,1.664072054077357
2001-03-04,2.2361495,1.4808064751121401
2001-03-05,2.3282373,1.7516209028570056
2001-03-06,3.608299,2.9515071109263302
2001-03-07,3.0134788,2.4515445447334647
2001-03-08,2.9776435,1.8347386525423528
2001-03-09,2.8634715,1.7029305983192622
2001-03-10,2.3034444,1.6449147232581973
2001-03-11,2.0244727,1.5565655592514276
2001-03-12,1.8155042,1.589305727633655
2001-03-13,1.8073788,1.4267097779048086
2001-03-14,1.6569549,1.3965329917514324
2001-03-15,1.6752892,1.2709105401368141
2001-03-16,1.6986235,1.3283015503221751
2001-03-17,2.157604,1.4454857975259423
2001-03-18,1.9123839,1.4292134180078506
2001-03-19,2.1396866,1.8934394043210745
2001-03-20,2.8488874,1.7832594156506658
2001-03-21,3.118067,1.8041467732439638
2001-03-22,3.2749496,1.8518212593558432
2001-03-23,3.5401707,1.8648426153369546
2001-03-24,3.233906,1.9111136334955692
2001-03-25,3.0111868,1.7404228280066847
2001-03-26,3.00327,1.7954323795020581
2001-03-27,4.4318805,2.285681523357093
2001-03-28,4.002693,2.09333858014971
2001-03-29,2.8057604,1.6249901174395085
2001-03-30,2.6949217,2.161948163612306
2001-03-31,2.916599,2.7706478719653487
2001-04-01,3.28495,2.1432042402122615
2001-04-02,2.52283,1.7875122998030781
2001-04-03,2.3096948,1.7575456225255728
2001-04-04,2.3263621,1.6469620036462544
2001-04-05,2.155104,1.6571222107759713
2001-04-06,2.0638494,1.4737462504789829
2001-04-07,2.1851053,1.5020746719002127
2001-04-08,2.437826,1.4889725359340906
2001-04-09,2.7092974,1.548950933085084
2001-04-10,3.258907,1.5289448729910255
2001-04-11,3.5732973,1.6431077599540949
2001-04-12,3.8118505,1.642645196767807
2001-04-13,3.9168556,1.7158791983706354
2001-04-14,3.6172578,1.7765374150615931
2001-04-15,2.9357667,1.6160109973026513
2001-04-16,2.6788793,1.5072893638207316
2001-04-17,2.6176262,1.5087856141273976
2001-04-18,2.4444928,1.4283791859756707
2001-04-19,2.4890783,1.452719045065224
2001-04-20,2.603459,1.436323809843719
2001-04-21,2.577416,1.4179150087521075
2001-04-22,2.1101017,1.2972007166607975
2001-04-23,1.7988367,1.2612057487155794
2001-04-24,1.678206,1.1400032704043388
2001-04-25,1.574451,1.1236347370810509
2001-04-26,1.6217449,1.0996364734873771
2001-04-27,1.5657005,1.1036828899318576
2001-04-28,1.4554869,1.0539029996029734
2001-04-29,1.4448613,1.0579970209468008
2001-04-30,1.4292356,0.9991546681926846
2001-05-01,1.5607003,1.1065590080292225
2001-05-02,1.5367408,1.0213296506555676
2001-05-03,1.3946506,1.0302874632170798
2001-05-04,1.4050678,0.9711547610343694
2001-05-05,1.3698577,0.981481113308549
2001-05-06,1.3717328,0.9302431375073195
2001-05-07,1.3702744,0.9143762762111425
2001-05-08,1.3806915,0.8475063618748189
2001-05-09,1.4636122,0.9933294737811089
2001-05-10,2.5357473,1.4725799978740215
2001-05-11,2.65867,1.1636123336027862
2001-05-12,1.887591,0.9268301494261026
2001-05-13,1.5725758,0.9514765409128667
2001-05-14,1.4002758,0.8720859986160399
2001-05-15,1.3619406,0.9031505554561019
2001-05-16,1.299646,0.8711143462086917
2001-05-17,1.2956874,0.9466181440180541
2001-05-18,1.3756913,0.9411153952561617
2001-05-19,1.3752747,0.8819898405512572
2001-05-20,1.1865156,0.8596813485972881
2001-05-21,1.3367311,0.8994466785140038
2001-05-22,1.4215269,0.7919034348635077
2001-05-23,1.2315177,0.7781098815632461
2001-05-24,1.1456803,0.8849915115134717
2001-05-25,2.431159,1.350503504399419
2001-05-26,2.6528363,1.1051740156317948
2001-05-27,1.535699,0.8814916748340129
2001-05-28,1.2531854,0.8415863622387647
2001-05-29,1.2823535,0.8119366014299989
2001-05-30,1.1269294,0.7722484103303553
2001-05-31,1.0408835,0.867977817174673
2001-06-01,1.4938221,1.134321834697306
2001-06-02,2.161146,1.0413381381949187
2001-06-03,1.4227769,0.8064763329607247
2001-06-04,1.0723433,0.7610957826502323
2001-06-05,0.9667133,0.7147950957158207
2001-06-06,0.9115023,0.7391669161683918
2001-06-07,0.95462936,0.8294105663678646
2001-06-08,1.8634232,0.9961683710506559
2001-06-09,1.6798726,0.8768590303514003
2001-06-10,1.1519306,0.7764168733298185
2001-06-11,1.0354666,0.7564449323279261
2001-06-12,1.3834001,0.8413072060301303
2001-06-13,1.4461114,0.7043905257599952
2001-06-14,1.0042151,0.8144839355483056
2001-06-15,2.000513,2.3328214320723415
2001-06-16,7.9120483,4.756978884754599
2001-06-17,9.064396,4.5661884276698235
2001-06-18,3.911647,2.2216823327952624
2001-06-19,2.509496,1.5652363938361407
2001-06-20,2.2811518,1.5172712885795236
2001-06-21,2.2824018,1.741062055267036
2001-06-22,2.1755216,1.3809456912381053
2001-06-23,1.9738452,1.1523123060501814
2001-06-24,1.5884099,1.0327719534739257
2001-06-25,1.396734,1.104542205565393
2001-06-26,4.2629137,1.962480938187659
2001-06-27,7.970176,3.1175794320301415
2001-06-28,4.168326,2.301481764765799
2001-06-29,5.080662,2.7883591871095894
2001-06-30,4.1789517,2.4746020384182335
2001-07-01,3.6243415,2.0204730107990505
2001-07-02,3.6605933,1.9242173877585529
2001-07-03,2.651378,1.4577013765280247
2001-07-04,2.1726048,1.1961565532066822
2001-07-05,1.6907065,1.1261234079381228
2001-07-06,1.5596585,1.0254588699561358
2001-07-07,1.5223651,1.0428016179901363
2001-07-08,1.4290272,0.9460734522660375
2001-07-09,1.2169337,0.8519676017481685
2001-07-10,1.1335963,0.7932282805609108
2001-07-11,1.0554676,0.7299495018186568
2001-07-12,0.95733786,0.7059210300168992
2001-07-13,1.0069236,0.7122487056040168
2001-07-14,1.3390229,0.9013098776340485
2001-07-15,2.2824018,1.122008348735094
2001-07-16,2.735132,1.1076184530413151
2001-07-17,3.5397542,1.0533318756688834
2001-07-18,1.9205093,1.23393286142236
2001-07-19,5.8819504,2.581302014545739
2001-07-20,6.9832535,2.7361830037028194
2001-07-21,6.0584173,2.185278475176334
2001-07-22,3.8076837,1.4066201058062315
2001-07-23,2.6382523,1.2049641338762045
2001-07-24,2.0367649,1.0413319347236156
2001-07-25,1.4906969,0.9515598832012415
2001-07-26,1.194641,0.8951201618543863
2001-07-27,1.0204659,0.8649983977943063
2001-07-28,0.97171354,0.8111800476471782
2001-07-29,1.0544258,0.7638435158632397
2001-07-30,1.0081736,0.7038483963113427
2001-07-31,0.9729636,0.688345651809037
2001-08-01,1.2194338,0.6799015136430264
2001-08-02,1.0281746,0.6913439513194559
2001-08-03,1.1067201,0.6601678668540121
2001-08-04,0.98796433,0.6618604705132247
2001-08-05,1.4988223,0.7330475963022112
2001-08-06,1.673414,0.655968521356106
2001-08-07,1.0606761,0.5883977496206163
2001-08-08,1.0081736,0.5817299619764089
2001-08-09,1.223184,0.5855059879869224
2001-08-10,1.298396,0.5513175787715912
2001-08-11,1.180682,0.596294633731246
2001-08-12,2.0942676,0.9500794112889768
2001-08-13,3.9835255,1.188993701580882
2001-08-14,3.2216136,1.020757447856903
2001-08-15,2.0075967,0.7742323074246644
2001-08-16,1.8005035,0.6956192219117878
2001-08-17,1.4044428,0.6084615289694071
2001-08-18,1.2052665,0.634147811047852
2001-08-19,1.4369442,0.7845763261062504
2001-08-20,1.3881919,0.7716206460061072
2001-08-21,1.2140169,0.6207421095620989
2001-08-22,1.2652694,1.0159002646847368
2001-08-23,7.472652,4.54789762739104
2001-08-24,16.133696,6.268264113271713
2001-08-25,4.986074,2.5150695743148326
2001-08-26,3.5560048,1.4860795605777501
2001-08-27,2.763675,1.3809532432901264
2001-08-28,4.3852115,1.6419518914206623
2001-08-29,3.4284987,2.0171913744797707
2001-08-30,6.298637,1.6242707844845057
2001-08-31,4.2643723,1.7840817801725268
2001-09-01,4.844192,2.169721652587235
2001-09-02,4.3722944,1.7051411918322743
2001-09-03,2.971185,1.3064755805491208
2001-09-04,2.5430393,1.3357076859095096
2001-09-05,5.2700458,2.6250635937042235
2001-09-06,6.563858,4.108324505752027
2001-09-07,3.446833,2.31214984739393
2001-09-08,2.7451324,1.5519507160342931
2001-09-09,2.4588685,1.3185689781381489
2001-09-10,2.1932309,1.3444626719310284
2001-09-11,2.434284,3.5997002753233316
2001-09-12,17.98545,15.867131531723976
2001-09-13,20.751625,18.710537376327515
2001-09-14,8.331652,6.63642880702591
2001-09-15,5.384843,3.5379673746581672
2001-09-16,4.4660487,3.0944720408588053
2001-09-17,4.448131,3.568487914036572
2001-09-18,3.7024703,2.6277112622279524
2001-09-19,3.104108,2.0961026311894058
2001-09-20,2.7940931,1.8489986799129845
2001-09-21,2.5686655,1.7572593188391328
2001-09-22,2.3936572,1.6252996167142988
2001-09-23,2.310528,1.5947848762329817
2001-09-24,2.1076016,1.4456217344623208
2001-09-25,1.9157174,1.3951091602293253
2001-09-26,1.8613398,1.267988435436964
2001-09-27,1.7484176,1.2500374774991274
2001-09-28,1.5967437,1.1357428341999054
2001-09-29,1.8286299,1.3215636364806294
2001-09-30,1.8925912,1.1807037061909438
2001-10-01,1.5088228,1.4255548533778786
2001-10-02,4.4616737,3.591727466118276
2001-10-03,5.450263,4.491688783063114
2001-10-04,2.5857496,2.4375656964425443
2001-10-05,1.934885,1.8468897693861126
2001-10-06,2.824303,2.122035298965037
2001-10-07,3.5480878,3.1214417672066093
2001-10-08,2.1876054,2.156540894365251
2001-10-09,1.8146708,1.6887160855478645
2001-10-10,1.8182126,1.9936331527743936
2001-10-11,7.579324,8.322986509163378
2001-10-12,23.142366,21.88303575525761
2001-10-13,8.764173,10.09016991867733
2001-10-14,5.174833,4.7876984746469855
2001-10-15,3.8337266,3.4127341234387756
2001-10-16,3.230364,2.8095305558021066
2001-10-17,2.8532627,2.490619940754831
2001-10-18,2.556165,2.1872658785805106
2001-10-19,2.4738693,2.1909632823351624
2001-10-20,2.357822,1.9774083781556486
2001-10-21,2.1432283,1.8136658651003241
2001-10-22,2.0050967,1.6897001448978186
2001-10-23,1.955511,1.549902761355877
2001-10-24,2.1161437,1.7242301496090293
2001-10-25,2.1188521,1.5527022800684571
2001-10-26,1.9017584,1.45477145006001
2001-10-27,1.742584,1.4248456347782612
2001-10-28,1.7025821,1.3611421879678964
2001-10-29,1.7198746,1.2920777282291054
2001-10-30,2.0225976,1.5144709607185125
2001-10-31,1.7711271,1.3703659406470061
2001-11-01,1.6288285,1.3013860369192363
2001-11-02,1.6486212,1.2117728482054473
2001-11-03,1.574451,1.1799930041525364
2001-11-04,1.5348657,1.2902179005608558
2001-11-05,2.3938653,2.043827057383716
2001-11-06,2.2311492,1.8002558481562734
2001-11-07,2.8803473,2.359844427358508
2001-11-08,2.7893012,2.0227290514822602
2001-11-09,2.0223892,1.669805612429142
2001-11-10,1.7948782,1.4655796502247453
2001-11-11,1.7915447,1.5259757028241157
2001-11-12,1.755293,1.410750538829446
2001-11-13,1.6969569,1.3797058061259388
2001-11-14,1.5882016,1.3024306475434304
2001-11-15,1.581743,1.3278422237296104
2001-11-16,1.4569453,1.2481108950853348
2001-11-17,1.3177719,1.2633127712294459
2001-11-18,1.2981876,1.1941231632000209
2001-11-19,1.3294392,1.2105669473273755
2001-11-20,1.2519354,1.1616281667923332
2001-11-21,1.2602692,1.1613243315565587
2001-11-22,1.182557,1.0869770765709876
2001-11-23,1.2019329,1.047745784618616
2001-11-24,1.1610976,1.0142843952683807
2001-11-25,1.1610976,1.0177312327256203
2001-11-26,1.1623477,0.9998072464021444
2001-11-27,1.154014,0.9987432162156105
2001-11-28,1.1658895,1.0242076567659377
2001-11-29,1.1760983,1.020487731713295
2001-11-30,1.2581856,0.9967219634354114
2001-12-01,1.2456851,1.008916100004077
2001-12-02,1.3313142,0.9838784852510094
2001-12-03,1.2217256,1.0067966705476046
2001-12-04,1.183182,0.9704718397587537
2001-12-05,1.1829737,0.9809987259857058
2001-12-06,1.155264,0.9499309325519205
2001-12-07,1.1367215,0.9979138390740157
2001-12-08,1.2056831,0.9819830550518036
2001-12-09,1.1458886,0.9878898385968209
2001-12-10,1.0604678,0.95948360406816
2001-12-11,1.0298413,1.0080214515557289
2001-12-12,1.0613012,1.0009489548380375
2001-12-13,1.0269245,1.0133483453919887
2001-12-14,0.99233955,0.9705350881944299
2001-12-15,1.0779686,1.1682340545815826
2001-12-16,1.3150635,1.3143077327852846
2001-12-17,1.2217256,1.4503738631965517
2001-12-18,1.3048546,1.2116404175789357
2001-12-19,1.2700613,1.2343015633906722
2001-12-20,1.2771449,1.15370633393842
2001-12-21,1.2642276,1.1711666782110333
2001-12-22,1.1577642,1.127830711127162
2001-12-23,1.1635978,1.1933826575277449
2001-12-24,1.2483935,1.1149714545483589
2001-12-25,1.1735983,1.0965911085098983
2001-12-26,1.1038033,1.0441887681167126
2001-12-27,1.0294247,1.040924258772552
2001-12-28,1.0946361,1.0341048906556367
2001-12-29,1.0671347,1.040564322578907
2001-12-30,0.9819223,1.0075791170802118
2001-12-31,0.9773388,1.0289158217687606
2002-01-01,1.0185908,1.0287116466480493
2002-01-02,1.0719267,0.9924044822666049
2002-01-03,1.0608845,1.0065544654506444
2002-01-04,1.0042151,1.0400650779970884
2002-01-05,1.0600511,1.104853323137045
2002-01-06,1.4542367,1.1070086248406172
2002-01-07,1.4334024,1.0336740191162228
2002-01-08,1.2683945,0.9984706680524946
2002-01-09,1.4534035,1.0985473596994877
2002-01-10,1.8290465,1.138715510676682
2002-01-11,1.5607003,1.128602908446312
2002-01-12,1.6273701,1.0876504229235053
2002-01-13,1.9671782,1.144676776882708
2002-01-14,2.057391,1.1713728762028217
2002-01-15,1.7750856,1.1576474262288212
2002-01-16,1.5840347,1.1360335882027148
2002-01-17,3.2801583,1.4194662811520695
2002-01-18,5.156082,1.7303227675769925
2002-01-19,2.9853523,1.4437539501678347
2002-01-20,2.1926057,1.2667384359694123
2002-01-21,1.8836325,1.2392242875857353
2002-01-22,2.4461596,2.6150777580613496
2002-01-23,11.332213,9.869619791455268
2002-01-24,5.514224,4.777477311668813
2002-01-25,3.6041322,2.6216550559393763
2002-01-26,2.914307,2.420936077892244
2002-01-27,2.4522016,2.1800016136847136
2002-01-28,5.3444242,6.351428388991833
2002-01-29,9.229611,10.25903272300291
2002-01-30,4.3656273,4.952174345896781
2002-01-31,3.2330725,3.407909441061914
2002-02-01,2.7467992,2.9304991902168394
2002-02-02,2.4878283,2.6599980377727745
2002-02-03,2.2640674,2.5178893217381835
2002-02-04,2.1865637,2.3348580586727263
2002-02-05,2.11031,2.2434580005075335
2002-02-06,2.07385,2.122061326572895
2002-02-07,1.9434271,2.0895752307979465
2002-02-08,1.8946747,1.9674921292778254
2002-02-09,1.9098837,1.89948360824126
2002-02-10,1.8757155,1.8271909159796238
2002-02-11,1.7592515,1.7680735876170992
2002-02-12,1.6894565,1.6889164846425653
2002-02-13,1.6286203,1.6332010859993695
2002-02-14,1.5811179,1.5447220536694526
2002-02-15,1.5167398,1.5110973511942625
2002-02-16,1.4621538,1.4219879922367333
2002-02-17,1.4796547,1.3975836709888578
2002-02-18,1.4546535,1.3320240376781822
2002-02-19,1.4042344,1.3919515933361053
2002-02-20,1.5048642,1.3273804696917535
2002-02-21,1.4819465,1.2904234242622852
2002-02-22,1.4600704,1.2396702632291914
2002-02-23,1.368191,1.293348495839715
2002-02-24,1.5244485,1.2942291190485955
2002-02-25,1.5592419,1.328768833540976
2002-02-26,1.4396528,1.3005302275955677
2002-02-27,1.429444,1.3213191387964487
2002-02-28,1.4002758,1.2822908082421423
2002-03-01,1.4309024,1.2895794824489355
2002-03-02,1.5415326,1.2242164722069502
2002-03-03,1.7021654,1.2636996790374517
2002-03-04,1.6129944,1.2333249212346673
2002-03-05,1.5190316,1.2587212584587335
2002-03-06,1.4369442,1.1950695971479417
2002-03-07,1.6638303,1.3306501036426426
2002-03-08,2.0490572,1.2840026966056228
2002-03-09,1.7154994,1.198281242127955
2002-03-10,1.4892385,1.1873830916293264
2002-03-11,1.4204851,1.147545342928052
2002-03-12,1.5363241,1.145619030230403
2002-03-13,1.4061095,1.1136433722572328
2002-03-14,1.5129896,1.1537307432494164
2002-03-15,1.4390278,1.1153440674007535
2002-03-16,1.4934053,1.121031167146802
2002-03-17,2.0876007,1.1590394312459826
2002-03-18,1.8548812,1.1173074660681486
2002-03-19,1.8365469,1.1479120220252872
2002-03-20,1.7542512,1.1405939487588406
2002-03-21,1.8371719,1.1899072301592828
2002-03-22,1.6725807,1.1094847538970112
2002-03-23,1.7973783,1.1122946566811205
2002-03-24,1.6986235,1.1258677170339824
2002-03-25,1.5911185,1.1284526765543224
2002-03-26,1.445278,1.1279712332379819
2002-03-27,1.3423564,1.0676548817590474
2002-03-28,1.6790394,1.5295967769101262
2002-03-29,3.3568285,2.4600035172873733
2002-03-30,2.3703227,2.4229864600159527
2002-03-31,6.8638725,6.061570922643662
2002-04-01,5.4925566,3.2825461866613033
2002-04-02,3.469334,1.9270228402262926
2002-04-03,3.0851488,1.8825113153305053
2002-04-04,2.9828522,1.5559209376682044
2002-04-05,2.9351416,1.9185998747775554
2002-04-06,2.6549196,1.555313402054727
2002-04-07,2.1826053,1.552166219233036
2002-04-08,1.9065503,1.3846069530295133
2002-04-09,2.0828087,1.3556243351019621
2002-04-10,2.459702,1.3461459703832865
2002-04-11,2.3755312,1.4050344445979595
2002-04-12,2.019889,1.2635062925624847
2002-04-13,2.024681,1.4511294729728699
2002-04-14,2.1178105,1.3935201275692581
2002-04-15,1.8392553,1.2524414574871063
2002-04-16,1.6915399,1.2116053544802665
2002-04-17,1.7986284,1.1929663506600856
2002-04-18,1.9569694,1.2441096560949088
2002-04-19,2.019264,1.239614027413249
2002-04-20,1.6994569,1.1901847680710553
2002-04-21,1.4004842,1.1725205183938743
2002-04-22,1.3092299,1.1368800923194289
2002-04-23,1.4117347,1.2066145269589423
2002-04-24,1.395484,1.1067879970351457
2002-04-25,1.3000627,1.0654097645796536
2002-04-26,1.2088083,1.0505945265274048
2002-04-27,1.098803,1.0292915363568067
2002-04-28,0.9496291,1.0349205122739076
2002-04-29,0.86379164,1.0388856093010903
2002-04-30,0.8000386,1.0209740299202203
2002-05-01,0.75961995,0.9357185100806356
2002-05-02,0.79837185,0.9528959221186042
2002-05-03,0.8096224,0.9238206566957234
2002-05-04,0.7121177,0.9111917377035619
2002-05-05,0.8865011,0.8723108070217371
2002-05-06,0.9294198,0.8796002903769613
2002-05-07,1.0473422,0.8874122139023541
2002-05-08,0.9781722,1.0146470286234617
2002-05-09,3.1505685,1.6633766584300995
2002-05-10,2.4149082,1.2787795086265803
2002-05-11,1.6592467,1.3889967181248069
2002-05-12,4.027694,2.3504700382131936
2002-05-13,4.259372,1.7796050316209198
2002-05-14,2.3188617,1.3180662272464634
2002-05-15,1.5857015,1.2179977619418503
2002-05-16,1.4263188,1.120146093621552
2002-05-17,1.2748531,1.0937569312728643
2002-05-18,1.370066,1.5739169382020235
2002-05-19,5.6575646,3.907778415752947
2002-05-20,6.3759327,4.299512794148624
2002-05-21,3.4749591,2.9203287338736654
2002-05-22,2.7165895,1.943634792369187
2002-05-23,2.010722,1.6138056632544397
2002-05-24,1.6204948,1.4838921626530885
2002-05-25,1.4684042,1.3874534023510814
2002-05-26,1.4684042,1.3167442135685683
2002-05-27,1.3965257,1.2263785168141126
2002-05-28,1.2729781,1.1616380114315747
2002-05-29,1.3913171,1.137273068740666
2002-05-30,1.3071464,1.079273713793397
2002-05-31,1.1998495,1.0197797268363238
2002-06-01,1.1496388,0.9949518163849116
2002-06-02,1.4279855,1.0130152459546327
2002-06-03,1.3686076,0.9917374742434621
2002-06-04,1.2767283,0.9119612378612756
2002-06-05,1.0348415,0.8816381306999921
2002-06-06,0.95629615,0.8380703425906897
2002-06-07,0.925878,0.8219635687847733
2002-06-08,0.9519209,0.8069032936160565
2002-06-09,0.891293,0.7749988407047987
2002-06-10,0.83733207,0.7752399669371846
2002-06-11,0.8594164,0.7526478684582116
2002-06-12,0.7819127,0.8355565881322622
2002-06-13,1.3219388,0.9611404703383446
2002-06-14,1.7175828,0.8425594980849027
2002-06-15,1.4490283,0.7621564413849713
2002-06-16,1.3421481,0.7675901428140999
2002-06-17,2.2840686,0.797019410675466
2002-06-18,1.6082026,0.7213009188157917
2002-06-19,1.3831917,1.1542135351464748
2002-06-20,3.3334942,2.06835086288321
2002-06-21,2.232816,1.4496109710843563
2002-06-22,2.176355,1.6072495380936862
2002-06-23,2.578041,1.5585977355354428
2002-06-24,2.1121852,1.1905852965443133
2002-06-25,1.8200878,1.0416690799031258
2002-06-26,1.4888217,1.0478366789590121
2002-06-27,1.509031,1.147272794764936
2002-06-28,1.8161292,1.1416589229518772
2002-06-29,2.3740728,1.122892747969985
2002-06-30,1.9763453,1.0067351752668618
2002-07-01,1.5425744,0.9284747436117531
2002-07-02,1.6865396,1.1241307450691462
2002-07-03,2.595542,1.2615964325495959
2002-07-04,2.584708,1.2933142418894767
2002-07-05,2.8745136,1.2963312866718768
2002-07-06,2.085934,1.077164263834238
2002-07-07,1.7800858,0.964414015173316
2002-07-08,1.6400791,0.8602794441457391
2002-07-09,1.388817,0.8380992022180558
2002-07-10,1.3075631,1.3785684131483436
2002-07-11,11.982037,22.571359984662053
2002-07-12,100.09337,58.810703702363966
2002-07-13,24.745777,16.386438679168702
2002-07-14,9.771304,6.6542424794466495
2002-07-15,6.764493,4.412282462371886
2002-07-16,9.740053,5.205169302323818
2002-07-17,14.423404,8.845317174577952
2002-07-18,11.828071,9.012177606253385
2002-07-19,5.5021405,4.9207135760417575
2002-07-20,4.4914665,3.3380648273777367
2002-07-21,4.152492,2.805875227765858
2002-07-22,3.9499822,2.601600851513684
2002-07-23,3.5849645,2.7904782119918465
2002-07-24,5.5752687,3.25545616691345
2002-07-25,4.3602104,2.703511612937212
2002-07-26,3.343078,2.0730479695241453
2002-07-27,2.9343083,1.901995744402826
2002-07-28,2.6949217,1.7773589704350232
2002-07-29,2.3886569,1.5931466203767062
2002-07-30,2.184272,1.4708022987715006
2002-07-31,2.0842671,1.3588034792866708
2002-08-01,1.7104992,1.316452650417328
2002-08-02,1.4590287,1.2414410845700503
2002-08-03,1.5167398,1.211405494817853
2002-08-04,1.7223747,1.228203416241765
2002-08-05,2.03739,1.299090347962916
2002-08-06,2.6797125,1.572247664989233
2002-08-07,2.025306,1.2915597383753061
2002-08-08,1.4984056,1.127631121180892
2002-08-09,1.4577787,1.0386253332225084
2002-08-10,1.259019,1.021149884845853
2002-08-11,1.4238187,1.0100406814648508
2002-08-12,1.3854835,1.0527358029915095
2002-08-13,1.6221615,1.1192852945492269
2002-08-14,1.9757203,1.2985173360158204
2002-08-15,2.8599296,1.595117705954194
2002-08-16,7.231182,2.1688349607651234
2002-08-17,5.4308867,2.322250042681694
2002-08-18,3.2182803,1.6389476581550837
2002-08-19,2.5832496,1.4345782069622874
2002-08-20,3.5685055,2.139263957070291
2002-08-21,3.9318564,2.5733033125908973
2002-08-22,2.3655307,1.5758936878185272
2002-08-23,1.817171,1.2167882198958397
2002-08-24,1.3886086,1.1956850893876552
2002-08-25,1.6607051,1.3609964063922764
2002-08-26,2.079267,1.274532693087399
2002-08-27,1.6336205,1.0936060250905155
2002-08-28,1.4919469,1.015184303181529
2002-08-29,1.3658992,0.959916498478651
2002-08-30,1.1923492,0.9108845310159921
2002-08-31,1.1010947,0.8960924885520936
2002-09-01,1.0985947,0.8826456553544402
2002-09-02,1.1098452,0.8472978712958097
2002-09-03,1.0010899,0.8069492802185416
2002-09-04,0.9431705,0.7809525548588039
2002-09-05,0.98775595,0.8375998227781654
2002-09-06,2.4665773,0.8979446293102502
2002-09-07,2.231566,1.2014072522323727
2002-09-08,5.9973726,3.021934311480701
2002-09-09,8.617083,2.5298626956433057
2002-09-10,3.5764225,1.5622811140506268
2002-09-11,2.373448,1.1524250473982096
2002-09-12,1.9467605,1.0065488014116288
2002-09-13,1.6942483,0.9740589296106696
2002-09-14,1.5957019,1.2738941401174069
2002-09-15,2.3294873,1.537783875591278
2002-09-16,2.0323896,1.3006495769891142
2002-09-17,1.7171662,1.1661295943710803
2002-09-18,1.8480058,1.7675967294752002
2002-09-19,5.7327766,2.955328179532826
2002-09-20,2.4294922,1.7169495668865442
2002-09-21,1.7950866,1.261124159582138
2002-09-22,1.5921601,1.161673613962531
2002-09-23,1.4317358,1.1093111915585996
2002-09-24,1.5438244,1.465400154131174
2002-09-25,1.6329954,1.216907704147458
2002-09-26,1.3390229,1.0952611382057666
2002-09-27,1.2015163,1.0714124322137237
2002-09-28,1.1319296,1.0814713609315156
2002-09-29,2.9097238,2.089927749797642
2002-09-30,4.4948,3.8378892989050746
2002-10-01,2.1632292,3.0037775601252914
2002-10-02,4.466257,11.348432410004616
2002-10-03,39.25002,21.852909540881157
2002-10-04,8.701878,8.027918666352988
2002-10-05,4.430422,4.076641220078528
2002-10-06,3.5035024,3.076288587605178
2002-10-07,3.0353546,2.4813586975317596
2002-10-08,3.0230625,2.93546061867851
2002-10-09,3.3847466,2.6968233268660904
2002-10-10,2.9074318,2.5461075641147493
2002-10-11,2.65742,2.1118065839348437
2002-10-12,2.3355293,1.8403188098374605
2002-10-13,2.1788552,1.7553572805944084
2002-10-14,2.0755167,1.6166682955446243
2002-10-15,2.0546825,1.4837287146700622
2002-10-16,1.9323848,1.3887411620787382
2002-10-17,1.9982214,1.4919545176178217
2002-10-18,2.0469737,1.3932816984983087
2002-10-19,1.7409173,1.3408816506923438
2002-10-20,1.7590432,1.2971603940973282
2002-10-21,2.0071802,2.0061730654391647
2002-10-22,6.916167,6.012083404614449
2002-10-23,10.047776,9.682879122266769
2002-10-24,3.586423,4.770145348020971
2002-10-25,2.7053387,3.089534347417772
2002-10-26,2.325112,2.500969758333504
2002-10-27,2.1732297,2.178391812881589
2002-10-28,2.227399,2.291117921947658
2002-10-29,2.0836422,2.0245884745762943
2002-10-30,2.200731,1.8438430558279157
2002-10-31,2.099268,1.714037846258223
2002-11-01,1.9588444,1.6099375291808844
2002-11-02,1.8146708,1.514832650067091
2002-11-03,1.8684235,1.4879005491213202
2002-11-04,1.8788406,1.463793859637916
2002-11-05,1.8302966,1.451988249174118
2002-11-06,1.7967533,1.4226202068773508
2002-11-07,1.8477974,1.3704786819950343
2002-11-08,1.7684187,1.3278685210536123
2002-11-09,1.6365373,1.2187293669813872
2002-11-10,1.7050822,1.2707553184961677
2002-11-11,1.9130089,1.278317080298364
2002-11-12,1.7969617,1.1841327423827053
2002-11-13,1.8219628,1.1414028274735213
2002-11-14,1.9563444,1.1597064392691254
2002-11-15,1.893008,1.2134924234790205
2002-11-16,1.7686269,1.208991805048704
2002-11-17,1.678206,1.1935813034675122
2002-11-18,1.576951,1.146754535194993
2002-11-19,1.5198649,1.1082815501803756
2002-11-20,1.4694458,1.0659803490814566
2002-11-21,1.368816,1.0806317345764638
2002-11-22,1.3527735,1.0636259968639017
2002-11-23,1.3856919,1.0654237898191214
2002-11-24,1.3079797,1.058430319931507
2002-11-25,1.3123549,1.0233154357628822
2002-11-26,1.5709091,1.5315677276295423
2002-11-27,5.859866,5.4357960246710775
2002-11-28,3.133276,2.998346555857599
2002-11-29,2.4101162,2.065824566624105
2002-11-30,2.1390615,1.8739557843971848
2002-12-01,1.9590528,1.5919674213968515
2002-12-02,1.8123791,1.584708550823927
2002-12-03,1.6944567,1.4637180694015621
2002-12-04,1.5882016,1.425236048896134
2002-12-05,1.5400742,1.3572055459938646
2002-12-06,1.706124,1.4584255643736124
2002-12-07,1.6790394,1.4210833642910718
2002-12-08,1.5221567,1.37735415106982
2002-12-09,1.5479913,1.527009255086422
2002-12-10,1.5369492,1.531320802500069
2002-12-11,1.5773678,1.6185888093451857
2002-12-12,1.5461162,1.4574938299555182
2002-12-13,1.4606954,1.4624808814508319
2002-12-14,1.465904,1.3555535346142649
2002-12-15,1.4467365,1.3422059569574594
2002-12-16,1.3792331,1.269608620311618
2002-12-17,1.5000724,1.2779462206009031
2002-12-18,1.4811131,1.277165796939373
2002-12-19,1.5794512,1.2481509479326607
2002-12-20,1.4800714,1.1925519318054318
2002-12-21,1.3623574,1.2212588998342155
2002-12-22,1.360274,1.2087678057914377
2002-12-23,1.3100631,1.2324093697851897
2002-12-24,1.2894372,1.1885006604703665
2002-12-25,1.1935992,1.17690596803087
2002-12-26,1.2044331,1.151442741203189
2002-12-27,1.2986042,1.216641494313717
2002-12-28,1.2586024,1.198491216145754
2002-12-29,1.1929742,1.2041566037422418
2002-12-30,1.2033913,1.1626969170113801
2002-12-31,1.14068,1.1594587049912215
2003-01-01,1.126096,1.14223773379606
2003-01-02,1.2608942,1.15971574447608
2003-01-03,1.2454767,1.157832856077552
2003-01-04,1.1985995,1.2533703598856927
2003-01-05,1.7084157,1.6659889941390156
2003-01-06,1.9525942,1.4618625571916104
2003-01-07,1.5275737,1.3089657348449826
2003-01-08,1.4044428,1.2991320191071034
2003-01-09,1.3794415,1.1480575338847636
2003-01-10,1.340898,1.237432428385675
2003-01-11,1.2706863,1.1586670881097316
2003-01-12,1.2488102,1.2837198992290497
2003-01-13,1.2427683,1.204929340493679
2003-01-14,1.223184,1.2469024319038988
2003-01-15,1.2096417,1.1727569245937466
2003-01-16,1.3013128,1.3072461595714093
2003-01-17,1.2263092,1.2274879941708445
2003-01-18,1.1835988,1.213155682873726
2003-01-19,1.2029747,1.1610732258268595
2003-01-20,1.1942242,1.1971590881124734
2003-01-21,1.1727649,1.1240429524644018
2003-01-22,1.1642228,1.1705300132540464
2003-01-23,1.1331797,1.123543033592224
2003-01-24,1.1635978,1.360514828217864
2003-01-25,1.1510972,2.109902657677114
2003-01-26,1.182557,1.5193292227552533
2003-01-27,1.0879692,1.2077275106255412
2003-01-28,1.1535974,1.8397033175977469
2003-01-29,2.3976157,4.3505225900923605
2003-01-30,2.8082604,2.7573153984125853
2003-01-31,1.838422,2.0248128784077766
2003-02-01,1.5434078,1.788725752733171
2003-02-02,1.4852799,1.580237736027479
2003-02-03,1.3996508,1.5865227964639068
2003-02-04,1.3338144,1.4097107830958366
2003-02-05,1.3169385,1.466894381566763
2003-02-06,1.3081881,1.364311622371435
2003-02-07,1.2586024,1.3853651251091956
2003-02-08,1.249852,1.2927556597560643
2003-02-09,1.3373562,1.4765441508947015
2003-02-10,1.9800955,1.834211896913886
2003-02-11,2.3824065,1.9303127028879523
2003-02-12,2.1373947,1.8164253309655787
2003-02-13,2.0584326,1.8663532954573037
2003-02-14,1.8446723,1.568511422109902
2003-02-15,1.680706,1.52486743919003
2003-02-16,1.6802894,1.4585151101332903
2003-02-17,1.5884099,1.4395796882712841
2003-02-18,1.5163231,1.341521552243054
2003-02-19,1.3986092,1.378909469211936
2003-02-20,1.4056928,1.3412576349965335
2003-02-21,1.3723578,1.3858360494959354
2003-02-22,1.3500651,1.3497934766513706
2003-02-23,1.2619358,1.3434284453783631
2003-02-24,1.2471435,1.304050967276156
2003-02-25,1.2479769,1.3335610151225328
2003-02-26,1.2700613,1.2971009216876626
2003-02-27,1.2775617,1.2611845759983062
2003-02-28,1.2611024,1.2314108806215525
2003-03-01,1.2275592,1.2033865641522408
2003-03-02,1.2540188,1.958822238699615
2003-03-03,9.031477,6.626093823835134
2003-03-04,4.4443808,3.3354442653264402
2003-03-05,2.5259552,2.129647497686088
2003-03-06,2.0976012,2.043202934227407
2003-03-07,1.8686318,1.7964289806526899
2003-03-08,2.3782396,4.064547148199141
2003-03-09,15.698257,11.28834612639618
2003-03-10,6.863248,5.610843959601879
2003-03-11,3.7643483,3.3037375143484473
2003-03-12,2.8149273,2.9608047658287884
2003-03-13,2.3015692,2.5098756505373716
2003-03-14,2.0888507,2.3742142291995885
2003-03-15,1.9225928,2.225146432085693
2003-03-16,1.796545,2.1615136509049533
2003-03-17,1.796545,2.179711938546479
2003-03-18,1.9159257,2.5176301245241763
2003-03-19,2.0269728,2.1400942782183887
2003-03-20,1.8465474,1.9550735888776778
2003-03-21,1.7373755,1.9487424069806933
2003-03-22,1.6071608,1.9021551466436981
2003-03-23,1.568409,1.8160876463537812
2003-03-24,1.5211151,1.83215571589309
2003-03-25,1.5334073,1.876208183912456
2003-03-26,1.6159112,2.043957060564935
2003-03-27,1.7144576,2.040257094506919
2003-03-28,1.9505107,2.1776386305505633
2003-03-29,2.1426034,2.139862726909101
2003-03-30,2.0584326,2.078859273554325
2003-03-31,1.7477926,1.906505398323953
2003-04-01,1.6600801,1.8102969756085874
2003-04-02,2.000513,1.777327548504293
2003-04-03,2.007805,1.7605431128875613
2003-04-04,1.9709284,1.8945260906636716
2003-04-05,2.0096803,1.7447881837909818
2003-04-06,2.2009394,2.452772292619169
2003-04-07,3.8153923,4.257123395870745
2003-04-08,2.542206,2.5371125307254196
2003-04-09,2.2992775,2.5139576695128083
2003-04-10,5.1812916,5.226962906159639
2003-04-11,3.6122575,3.1331218248055577
2003-04-12,2.4357424,2.217710088290274
2003-04-13,2.335321,2.09127835338676
2003-04-14,3.3324523,2.8428705728877186
2003-04-15,3.2009878,2.3906137798793914
2003-04-16,2.4447012,2.0559799273824098
2003-04-17,2.311778,1.907397484468937
2003-04-18,2.2542753,1.8310575666143896
2003-04-19,2.3601139,1.850631271730244
2003-04-20,2.4667857,1.845393384221375
2003-04-21,2.8901393,1.9277033340566159
2003-04-22,2.8522208,2.046261245579779
2003-04-23,2.1330194,1.6681300683160125
2003-04-24,1.8280048,1.4516877853901387
2003-04-25,1.7252915,1.3957653796067238
2003-04-26,1.8080039,1.503339370897591
2003-04-27,2.3799064,1.9630062103773356
2003-04-28,2.3257372,1.6988002327250837
2003-04-29,1.7955033,1.4451725222251415
2003-04-30,1.6475794,1.436561160050094
2003-05-01,1.6275785,1.4238633285832405
2003-05-02,1.6000772,1.4411360852779747
2003-05-03,1.3838167,1.2837371610622406
2003-05-04,1.3144383,1.2864549557833076
2003-05-05,1.294229,1.2511624635341168
2003-05-06,1.2654777,1.2456547250235677
2003-05-07,1.2065165,1.2477227735546828
2003-05-08,1.2321428,1.1752945489308835
2003-05-09,1.3477733,1.2848861518340111
2003-05-10,1.3556904,1.1897459399054051
2003-05-11,1.187349,1.1961490011546612
2003-05-12,1.1604726,1.132879527619362
2003-05-13,1.1954743,1.1232041352577806
2003-05-14,1.2704779,1.0460347054035664
2003-05-15,1.2544355,1.041200313245535
2003-05-16,1.2198505,1.2067441255659461
2003-05-17,1.7944615,1.4896813499594928
2003-05-18,1.8280048,1.129902940258503
2003-05-19,1.4600704,1.0083687110906243
2003-05-20,1.2621442,0.9368463281351327
2003-05-21,1.3604823,0.9614203008373379
2003-05-22,1.5367408,1.0734273466645479
2003-05-23,1.576951,0.9569277738913298
2003-05-24,1.2902706,0.8935466378725767
2003-05-25,1.1738065,0.8960475808141828
2003-05-26,1.0935944,0.8782024864627123
2003-05-27,1.092761,0.8622216700958609
2003-05-28,1.1421384,0.8302399435094594
2003-05-29,1.1944326,0.8436885298620462
2003-05-30,1.084219,0.804154211822331
2003-05-31,1.0635929,0.8158745919847488
2003-06-01,1.2694362,1.0082269752571582
2003-06-02,2.0473905,2.0064201254267098
2003-06-03,2.7174227,1.6822159939159453
2003-06-04,1.7123742,1.1177562737311124
2003-06-05,1.2552688,0.9061329417140485
2003-06-06,1.126096,0.8982019385112525
2003-06-07,0.981089,0.8409910987098217
2003-06-08,1.0640097,0.8434277143511772
2003-06-09,1.1358881,0.8052438650425076
2003-06-10,1.1848488,0.792434505950272
2003-06-11,1.0671347,0.7508449508962634
2003-06-12,1.1573474,0.7362352365454434
2003-06-13,1.0796354,0.7204546844152211
2003-06-14,1.0802604,0.7246742586238981
2003-06-15,1.1777651,0.7433036875209806
2003-06-16,1.2767283,0.7981240331416131
2003-06-17,1.5409076,0.7734006376958491
2003-06-18,1.7840444,0.8256971145026684
2003-06-19,1.6771642,0.7783217435940504
2003-06-20,1.2600608,0.7158792197550534
2003-06-21,1.0985947,0.6582643451704979
2003-06-22,0.93712854,0.6147711335749029
2003-06-23,0.7879547,0.5743317830153107
2003-06-24,0.698367,0.5854430092673897
2003-06-25,0.7406607,0.6154723955482839
2003-06-26,1.4629872,1.0723449757802486
2003-06-27,4.7591877,1.858384801710546
2003-06-28,3.6710103,1.8897928420594932
2003-06-29,7.0868,2.4900504351176025
2003-06-30,5.7242346,2.255607499054432
2003-07-01,2.8663883,1.3656085524479746
2003-07-02,2.2111483,1.1396550668629408
2003-07-03,1.9309264,1.0310461747290491
2003-07-04,1.8169626,0.967976156281948
2003-07-05,1.8715485,1.132321350060165
2003-07-06,2.1523955,0.9424289128755332
2003-07-07,1.5692424,0.8579837551894187
2003-07-08,1.9161341,1.4398278271234035
2003-07-09,10.085486,3.533525958921373
2003-07-10,4.5968885,2.134930292932868
2003-07-11,3.4587085,1.5752644400554896
2003-07-12,3.4278736,2.1582827212206723
2003-07-13,5.352758,3.347784857761085
2003-07-14,3.9241476,2.1002247030121683
2003-07-15,2.9745185,1.6577528071197272
2003-07-16,2.7507577,1.3423726415342092
2003-07-17,2.233441,1.1532579308496713
2003-07-18,1.8277965,1.007850721236825
2003-07-19,1.7196662,0.9460687322335244
2003-07-20,1.964053,0.9723247896653413
2003-07-21,2.396574,1.2434345565874576
2003-07-22,2.7322152,1.824956048013687
2003-07-23,4.7285614,2.3490418912327886
2003-07-24,2.9453504,2.4469639554665683
2003-07-25,7.3643136,4.553769347837388
2003-07-26,6.739075,4.8500242113958
2003-07-27,9.907769,11.260744455123902
2003-07-28,9.577754,13.068679816207885
2003-07-29,4.961489,5.647052812448978
2003-07-30,3.6941364,3.4126157180517316
2003-07-31,4.1249905,4.541135304238498
2003-08-01,5.241711,4.576896158571064
2003-08-02,3.3584952,2.939086682513177
2003-08-03,2.6374187,2.1965218623387814
2003-08-04,2.3171952,1.9409144353447556
2003-08-05,2.087184,1.7172900835178495
2003-08-06,2.6176262,1.7834509141126276
2003-08-07,2.8049269,1.8111022131553294
2003-08-08,2.4282422,1.615187553916216
2003-08-09,2.2774014,1.4535561091169118
2003-08-10,3.4943352,2.2870580196959973
2003-08-11,8.804383,4.687006425618351
2003-08-12,3.7239296,3.1191133077388407
2003-08-13,3.8747702,2.908907334056437
2003-08-14,4.0920725,3.3494856877626775
2003-08-15,3.6928864,6.286777429368973
2003-08-16,13.5471115,12.41631737966299
2003-08-17,9.995066,9.89751707162094
2003-08-18,6.334472,7.6367698417050836
2003-08-19,20.972054,17.532013765696526
2003-08-20,18.425472,16.440120822663307
2003-08-21,17.218122,10.690102773498534
2003-08-22,11.110328,5.931836378703594
2003-08-23,7.8378778,4.484581223246753
2003-08-24,5.829031,3.613693148853719
2003-08-25,4.63564,3.0690132643474937
2003-08-26,4.1997857,2.815688579934895
2003-08-27,4.117282,3.1957758061011434
2003-08-28,4.156034,3.656994187696993
2003-08-29,4.200619,2.7805920364640353
2003-08-30,3.4930851,2.3044683316239714
2003-08-31,2.9526424,2.215020748622358
2003-09-01,3.0830653,2.659061718180239
2003-09-02,5.142331,2.997338356912792
2003-09-03,4.4272966,2.4142722011321185
2003-09-04,3.4005806,2.1508795525109172
2003-09-05,2.9086819,2.1028738549746873
2003-09-06,2.6111677,1.890575423450172
2003-09-07,2.3374045,1.6495168898165822
2003-09-08,2.2938607,1.5851936353082061
2003-09-09,2.275943,1.4857704658771753
2003-09-10,2.238858,1.383395927544713
2003-09-11,2.0503073,1.3505953427463173
2003-09-12,2.58825,1.7704764887405038
2003-09-13,5.181083,2.9268364449866415
2003-09-14,3.1459851,2.1121612606636884
2003-09-15,2.4990788,1.593167253661692
2003-09-16,2.2309408,1.5372948802229165
2003-09-17,2.068433,1.3872666239216327
2003-09-18,1.9648864,1.308160901872456
2003-09-19,1.7927948,1.2295986578526497
2003-09-20,1.8077955,1.2485905852467418
2003-09-21,1.8344635,1.550086438049674
2003-09-22,3.5326703,4.861214464477957
2003-09-23,13.486692,9.13547348641324
2003-09-24,6.6174026,5.269840220941305
2003-09-25,3.7383053,3.1599755732116104
2003-09-26,5.4440126,4.505035416713417
2003-09-27,6.5782337,5.384802411695957
2003-09-28,4.6208477,3.4508585003377794
2003-09-29,3.5622551,2.5568223076357244
2003-09-30,2.9828522,2.3501736201713683
2003-10-01,2.609501,1.9850087093663813
2003-10-02,2.3209453,1.823157176193893
2003-10-03,2.224274,1.6766123038873078
2003-10-04,2.0840588,1.6095440133273602
2003-10-05,1.9948878,1.5405419928758144
2003-10-06,1.8763405,1.5175721569377183
2003-10-07,1.714041,1.4528815490417482
2003-10-08,1.7307085,1.4077846052562595
2003-10-09,1.6957067,1.3590006417876481
2003-10-10,1.643621,1.3023427200806141
2003-10-11,1.6438292,1.2471643262793422
2003-10-12,1.5884099,1.19190070217669
2003-10-13,1.6061192,1.4320937167054415
2003-10-14,2.5605402,1.7838863708264827
2003-10-15,2.0088468,2.7403756062971354
2003-10-16,5.370884,4.413855716637552
2003-10-17,3.3830798,2.7148102919090986
2003-10-18,2.1986477,1.9696980027583242
2003-10-19,2.0986428,1.724244849138856
2003-10-20,1.8390471,1.5267457424141169
2003-10-21,1.7517512,1.4334336665068865
2003-10-22,1.6032023,1.3237457749404906
2003-10-23,1.6679971,1.726078244625032
2003-10-24,2.8326366,2.145369925987363
2003-10-25,2.1953142,1.6884521683013438
2003-10-26,1.7690437,1.460003943246007
2003-10-27,1.6223699,1.4173278367074729
2003-10-28,1.5907017,1.349925367845595
2003-10-29,1.574451,1.3297081200110912
2003-10-30,2.059891,1.9460238031111956
2003-10-31,2.0203059,1.624392291607201
2003-11-01,1.6477878,1.4484286703688503
2003-11-02,1.5306988,1.3972218467822075
2003-11-03,1.4490283,1.3185086965800523
2003-11-04,1.445278,1.2844764530118704
2003-11-05,1.3717328,1.264945228188634
2003-11-06,1.3623574,1.2690993962324857
2003-11-07,1.3592322,1.3192978860162496
2003-11-08,1.512573,1.259322455742836
2003-11-09,1.4102763,1.2574448268091083
2003-11-10,1.473196,1.3690178993612527
2003-11-11,1.6125778,1.7517008736935853
2003-11-12,3.3057845,2.989862095128119
2003-11-13,3.876437,3.111439613737047
2003-11-14,2.3349042,2.1265150143942235
2003-11-15,1.8892578,1.717288330362916
2003-11-16,1.624245,1.5486110907441377
2003-11-17,1.6252867,1.4684977091824412
2003-11-18,1.5725758,1.4443308729990125
2003-11-19,1.5159065,1.3988486397023796
2003-11-20,1.5479913,1.372713415102899
2003-11-21,1.4627789,1.5592519320417642
2003-11-22,4.4216714,3.147484479168832
2003-11-23,3.3670373,2.403063877068341
2003-11-24,2.3142784,1.8127110699519515
2003-11-25,1.9421769,1.6923530728863478
2003-11-26,4.796898,3.3091275217623113
2003-11-27,11.181164,9.534807117155076
2003-11-28,4.6087637,4.723247104970396
2003-11-29,3.239323,2.8652896484605668
2003-11-30,3.014312,3.576796250124276
2003-12-01,10.465921,10.54849316718769
2003-12-02,9.433372,8.17881190232682
2003-12-03,5.2856717,4.742298774490297
2003-12-04,4.000818,3.3402284902817607
2003-12-05,3.328077,3.076230598634303
2003-12-06,2.8411787,2.7050984878681303
2003-12-07,2.6201262,2.4607607453605533
2003-12-08,2.5815828,2.283747928323567
2003-12-09,2.4024074,2.2548980107386707
2003-12-10,2.5317888,2.066560352263868
2003-12-11,2.3894901,2.042242205323875
2003-12-12,2.215315,2.091113826539159
2003-12-13,3.7110124,2.797424481554329
2003-12-14,3.3087013,2.4499199095424413
2003-12-15,2.588458,2.1506295256457926
2003-12-16,2.3319874,2.0195070224307177
2003-12-17,2.2713594,1.9679310923015474
2003-12-18,2.2009394,1.8603142161438466
2003-12-19,2.166146,1.809487018029332
2003-12-20,2.1528122,1.766744831035614
2003-12-21,2.1286442,1.7774146668186783
2003-12-22,2.074475,1.7261116894268393
2003-12-23,2.0571826,1.6708566288117468
2003-12-24,2.2557337,1.62073453612566
2003-12-25,2.3346958,1.6093846110864878
2003-12-26,2.2744846,1.534600955380559
2003-12-27,2.2865686,1.5270970476911665
2003-12-28,2.032598,1.501850133210659
2003-12-29,1.8711319,1.510823724166572
2003-12-30,1.7867528,1.4235153947579862
2003-12-31,2.28136,1.4682402651233672
